	Files_names	Nan_count	Longest_NaN_gap	Start_date	End_date	conc mean 2020	2020 days conc>50 (microg/m^3)	conc mean 2021	2021 days conc>50 (microg/m^3)	conc mean 2022	 2022 days conc>50 (microg/m^3)	conc mean 2023	 2023 days conc>50 (microg/m^3)	conc mean 2020 jan-june	conc mean 2021 jan-june	conc mean 2022 jan-june	conc mean 2023 jan-june
0	FI_5_15458_PM10_timeseries.txt	4928	2584	2020-01-01	2023-08-31	[2.6160545674237996]	0	[2.5016298460423885]	0	[2.799236787395003]	0	[2.9183007833269907]	0	2.3299055544264196	2.4243866762505286	3.3092182454350865	2.816509563776435
1	FI_5_15476_PM10_timeseries.txt	771	124	2020-01-01	2023-01-02	[9.356039875838057]	0	[9.356019333655082]	1	[8.623446709137331]	0	[4.17929366451613]	0	9.247007563496904	10.333887526882641	9.862358345805044	4.17929366451613
2	FI_5_15487_PM10_timeseries.txt	478	88	2020-01-01	2023-08-31	[9.140654659405904]	0	[10.388714115104381]	0	[9.421868511547796]	0	[10.067020258698706]	0	9.400709769116162	10.94191533108322	10.662037119652776	11.102377334289779
3	FI_5_15489_PM10_timeseries.txt	203	31	2020-01-01	2023-08-31	[8.515085906959774]	0	[7.725837920937693]	0	[7.82282667834253]	0	[8.195310225214996]	0	8.796499305465222	8.15812932648037	8.489002545106187	8.574681349572845
4	FI_5_15501_PM10_timeseries.txt	319	43	2020-01-01	2023-08-31	[9.12632182224548]	1	[9.398308761052354]	0	[8.021094354483813]	0	[8.916397318867617]	1	9.813253562864704	10.201820692332335	9.28670636102481	9.45344771447338
5	FI_5_15505_PM10_timeseries.txt	436	50	2020-01-01	2023-08-31	[16.0019938308055]	3	[19.950741775297168]	14	[18.13522789152243]	12	[20.536886363442346]	19	17.586232173024392	18.911403860356064	20.838853014387826	23.59053269347826
6	FI_5_15512_PM10_timeseries.txt	3150	2042	2020-01-01	2023-08-31	[13.642032007523648]	9	[12.50525341007278]	5	[11.695398211902356]	7	[15.593975119080017]	13	16.367918475882757	15.219757402584557	12.8961645986294	18.192502662505877
7	FI_5_15531_PM10_timeseries.txt	26	6	2020-01-01	2022-01-12	[8.740490304329377]	2	[9.429673214066401]	1	[6.723170135424351]	0	[nan]	0	9.44086119677279	11.297073729101383	6.723170135424354	
8	FI_5_15549_PM10_timeseries.txt	3152	3020	2020-01-01	2021-12-31	[9.046040253123413]	0	[9.485669908226784]	2	[nan]	0	[nan]	0	10.327915426891693	11.207443204473806		
9	FI_5_15554_PM10_timeseries.txt	814	543	2020-01-01	2023-01-02	[10.183411096546962]	3	[11.453129645019871]	2	[8.897743747862442]	0	[6.3660734411764714]	0	10.4666972861989	12.136969553491697	9.494157355976004	6.3660734411764714
10	FI_5_15557_PM10_timeseries.txt	322	95	2020-01-01	2023-08-31	[8.738614343722976]	1	[9.209711925486195]	0	[8.79687882012526]	2	[9.838755207429642]	0	9.512232693255923	10.572891002402974	10.586780263930235	10.625919693712577
11	FI_5_15578_PM10_timeseries.txt	792	327	2020-01-01	2023-08-31	[11.273383442585097]	1	[9.669963975215698]	3	[8.555521234759945]	2	[5.019141766342273]	0	10.862994218849165	9.934773065696731	7.389098475069444	5.157761296741051
12	FI_5_15584_PM10_timeseries.txt	103	31	2020-01-01	2023-08-31	[10.997083614637585]	8	[10.972229834323565]	6	[12.298480610890898]	11	[12.015128268675934]	5	13.392439859115692	14.495692233282655	16.445562056022148	13.437182893314892
13	FI_5_15609_PM10_timeseries.txt	252	31	2020-01-01	2023-08-31	[11.245725378866844]	1	[12.048117670159819]	5	[11.005864769845527]	1	[13.145559057761712]	3	12.670424892806615	14.228664339900117	13.07438380465441	14.430820949503579
14	FI_5_15614_PM10_timeseries.txt	604	244	2020-01-01	2023-08-31	[10.366643658669116]	1	[10.086742682408376]	2	[9.265197663412428]	1	[10.962446054854933]	2	10.616296122924593	10.810662355063467	10.018680877547258	12.077834418769987
15	FI_5_15624_PM10_timeseries.txt	873	48	2020-01-01	2021-01-04	[17.463771959678926]	2	[7.5694396616279045]	0	[nan]	0	[nan]	0	18.253927756052033	7.569439661627907		
16	FI_5_15630_PM10_timeseries.txt	4158	1488	2020-01-01	2023-08-31	[11.393785383552038]	6	[11.584363217635563]	10	[10.990850309993041]	10	[14.540570313278787]	10	13.36766331328392	15.024401469882598	15.009865528271028	15.274549104166669
17	FI_5_15643_PM10_timeseries.txt	2213	1244	2020-01-01	2023-08-31	[12.520950741206056]	6	[13.6605498845618]	9	[14.930677058728879]	12	[14.292818187804889]	9	14.704934584624741	16.28024968444694	21.070698172698037	16.219401060078415
18	FI_5_15649_PM10_timeseries.txt	2065	180	2020-01-01	2023-08-31	[10.884932323565497]	2	[9.581602552426927]	0	[9.712475030389525]	4	[11.771049550387428]	0	11.837742163329347	10.709341822075961	11.237920246471601	12.738875009034345
19	FI_5_15677_PM10_timeseries.txt	159	38	2020-01-01	2021-12-31	[9.864070058531723]	5	[9.875155061741115]	4	[nan]	0	[nan]	0	12.086120164110389	12.337450931355347		
20	FI_5_15691_PM10_timeseries.txt	849	406	2020-01-01	2023-08-31	[9.745275066525029]	3	[9.513176505912387]	3	[9.573976727427166]	6	[10.899706075596667]	4	11.696302446765598	11.462305698677456	12.133564332651623	12.256661328525123
21	FI_5_15731_PM10_timeseries.txt	266	80	2020-01-01	2023-08-31	[6.601883500270633]	2	[5.575391470359843]	0	[5.269826994844039]	2	[5.452362857324201]	0	7.514255014059217	6.508510144513376	6.350224067971449	5.890438999032927
22	FI_5_15774_PM10_timeseries.txt	4536	4092	2021-01-01	2023-08-31	[nan]	0	[7.696544217008609]	1	[6.985606938577346]	0	[6.934104685262976]	0		8.23923343879206	12.965381119047617	6.862783775867691
23	FI_5_15785_PM10_timeseries.txt	601	244	2020-01-01	2023-08-31	[10.920637873358102]	1	[10.649335468514861]	3	[11.202537815262653]	5	[11.225958076870656]	1	11.154436502648077	12.313545262584658	13.179255645685279	12.15826493695546
24	FI_5_15803_PM10_timeseries.txt	424	145	2020-01-01	2023-08-31	[14.053414991044166]	7	[13.846705114994826]	7	[13.818561217002102]	12	[15.50095060435909]	10	15.356801550064997	17.024358497414635	16.99176230308227	17.933530150875576
25	FI_5_15806_PM10_timeseries.txt	353	43	2020-01-01	2023-08-31	[11.967980529871857]	0	[11.331930237501423]	3	[12.394800284074927]	8	[14.495450964637765]	8	13.411281579702603	12.701827921708789	15.101546586005087	16.302208479758868
26	FI_5_15839_PM10_timeseries.txt	245	91	2020-01-01	2022-05-30	[10.05994242584557]	1	[10.79497102776796]	3	[11.854058505803224]	4	[nan]	0	11.18771526626636	12.543354864942318	11.854058505803195	
27	FI_5_15853_PM10_timeseries.txt	4203	4027	2020-01-01	2023-08-31	[9.430751137777529]	0	[10.09993418054464]	0	[8.713506506680984]	0	[9.623112901700177]	0	9.447588193251153	11.029377656339719	9.930849479495267	10.41394687398524
28	FI_5_15870_PM10_timeseries.txt	625	414	2020-01-01	2023-08-31	[10.433230448992829]	0	[11.201094930861489]	3	[12.672547379188421]	13	[14.315485342636478]	13	11.276245119127841	12.666128284310105	16.918520129719628	15.951718140810689
29	FI_5_15904_PM10_timeseries.txt	1758	992	2020-01-01	2023-08-31	[8.151773414837969]	0	[8.603717555528263]	1	[9.605891815769223]	7	[9.710217582437792]	2	9.002758976202498	10.036006699923389	11.814237877005098	10.28699682090244
30	FI_5_15938_PM10_timeseries.txt	478	171	2020-01-01	2023-08-31	[11.932829320592019]	12	[10.477864699728357]	6	[12.340305125699425]	12	[15.99413439346441]	13	14.783788787563687	12.338887587153542	13.781514676942587	18.671185247056112
31	FI_5_15986_PM10_timeseries.txt	1423	1336	2020-01-01	2023-08-31	[9.024801824141903]	3	[9.162858444849554]	1	[9.14963546051573]	5	[10.921100289569397]	7	9.654998348208512	11.0526388532012	11.211617213729557	8.89830285650472
32	FI_5_15988_PM10_timeseries.txt	970	244	2020-01-01	2023-08-31	[9.138473498024759]	1	[9.53223262891554]	1	[8.986666577655864]	0	[9.194938404026958]	0	9.007597734207033	9.929847992756796	9.351676723762376	9.455378425663278
33	FI_5_34794_PM10_timeseries.txt	2547	2042	2020-01-01	2023-08-31	[11.327817907284553]	3	[10.916486545095374]	5	[11.070200560566011]	1	[12.200731553363516]	6	13.75075653019028	13.228548082299254	12.211223616944771	13.66689381495415
34	FI_5_50409_PM10_timeseries.txt	286	38	2020-01-01	2023-08-31	[16.44414165947191]	9	[15.759550790339885]	12	[17.734775966697573]	17	[21.41019731463407]	23	18.896424098496205	17.875164814611807	21.927344521985162	24.71487818510491
35	FI_5_56712_PM10_timeseries.txt	532	164	2020-01-01	2023-08-31	[11.252882931796027]	1	[11.033118893548332]	2	[11.329824906313972]	5	[13.2576695244677]	5	12.37168080364366	12.261254351770036	13.628274357369943	14.269236189377882
36	FI_5_60955_PM10_timeseries.txt	234	100	2020-01-01	2023-08-31	[11.627506334287704]	4	[14.881174316696132]	17	[13.141162737562125]	14	[16.03101144323267]	13	12.474378805543834	16.671895872932506	17.193531156830225	18.708966314226423
37	FI_5_69637_PM10_timeseries.txt	135	31	2020-01-01	2023-08-31	[10.17679425471046]	6	[10.07105714925539]	8	[10.800173570736176]	12	[14.073617115639504]	14	12.679967945105313	13.011507289893494	14.666606556777316	16.41551434797235
38	FI_5_69642_PM10_timeseries.txt	383	186	2020-01-01	2023-08-31	[10.461957221457732]	0	[11.915644292524522]	2	[9.817756075079615]	0	[10.990780635950415]	3	11.062666414231213	13.70061552259447	11.358211387514451	11.565703103052728
39	FI_5_70766_PM10_timeseries.txt	1707	600	2020-01-01	2023-08-31	[11.111030924381406]	3	[10.069326128792122]	0	[10.315937592454214]	2	[10.60630118247666]	0	10.715760237255264	10.746306552370728	12.123874465625775	11.736884231302833
40	FI_5_78715_PM10_timeseries.txt	14017	14005	2022-01-01	2023-08-31	[nan]	0	[1.31047475]	0	[nan]	0	[5.622076759721256]	0				
41	FI_5_78717_PM10_timeseries.txt	14008	14004	2022-01-01	2023-08-31	[nan]	0	[1.79426727]	0	[nan]	0	[3.913361933876502]	0				
42	IS_5_23743_PM10_timeseries.txt	234	70	2020-01-01	2023-08-31	[6.182126383274184]	1	[6.214235680980528]	1	[4.993646193210811]	0	[5.83642872218011]	0	6.80493919931987	6.378742779117716	5.701773937548952	5.997393828268876
43	IS_5_45497_PM10_timeseries.txt	13904	8760	2020-01-01	2023-08-31	[11.130964856359219]	1	[93.37999999]	0	[13.333667492028573]	0	[7.592716106154392]	0	11.721710547584868	93.37999999	13.519022064450057	6.50199624507079
44	IS_5_45503_PM10_timeseries.txt	125	49	2020-01-01	2021-01-01	[13.128536782538399]	7	[58.0]	0	[nan]	0	[nan]	0	13.77992998833139	58.0		
45	IS_5_45504_PM10_timeseries.txt	6432	4104	2020-01-01	2021-12-31	[6.931990318582541]	0	[7.990935373853585]	0	[nan]	0	[nan]	0	7.85036328534463	8.07930811724798		
46	IS_5_52109_PM10_timeseries.txt	4476	3878	2020-01-01	2023-08-31	[7.374366239557916]	2	[11.228463233416306]	7	[8.441471885296012]	3	[10.423505656170473]	2	5.924903503193942	14.001179063195947	9.43908122323509	10.518474771938306
47	IS_5_52149_PM10_timeseries.txt	1132	685	2020-01-01	2023-08-31	[6.154620033445806]	0	[6.565091755122851]	2	[6.054794484688642]	1	[5.51078400162063]	0	6.81938919484375	7.31564348809081	7.49315025520665	5.282210816715259
48	IS_5_61402_PM10_timeseries.txt	6153	6105	2020-01-01	2023-08-31	[5.025670882880777]	0	[13.253947473475247]	2	[7.453465364991992]	1	[7.238122852510682]	1	5.025670882880783	14.532738265231405	10.993633184112365	7.489785075511049
49	IS_5_61403_PM10_timeseries.txt	17855	4171	2020-01-01	2023-08-31	[11.330110124709595]	1	[7.179431705800493]	0	[5.763242255881277]	0	[5.035458472275325]	0	13.141994471244697	4.112680265944882	9.177179195205479	5.2924875250535335
50	IS_5_61404_PM10_timeseries.txt	9703	2506	2020-01-01	2023-08-31	[8.184201752914028]	0	[7.773811309063921]	1	[6.060139004651145]	0	[6.413650856851656]	0	8.760749088073345	6.5319453039186435	6.795045501237011	6.667483792936622
51	IS_5_61443_PM10_timeseries.txt	1907	345	2020-01-01	2023-08-31	[12.282922062057171]	11	[14.651397425489968]	15	[23.609451099118072]	16	[14.362699639361153]	7	13.835440128706045	17.038425925925925	16.673758865248228	16.320728614249482
52	IS_5_66726_PM10_timeseries.txt	2093	1555	2020-01-01	2023-08-31	[13.026126335346028]	6	[14.738279893506192]	7	[10.755861872957226]	3	[23.295099061522418]	4	13.764005602240896	19.1	11.470280373831775	27.842043590344506
53	NO_5_28640_PM10_timeseries.txt	804	389	2020-01-01	2023-08-31	[11.221972738934838]	2	[13.810969552730906]	5	[11.676457596193769]	2	[12.565023787289356]	2	12.250269826848498	15.814357463049005	13.87189615846849	14.17789478744725
54	NO_5_28653_PM10_timeseries.txt	258	172	2020-01-01	2023-08-31	[10.828484233306742]	0	[12.315404919836464]	0	[11.8255818808138]	2	[11.594316006477246]	0	12.726505049793388	13.667695227918397	13.486204134424984	12.93358190749136
55	NO_5_28654_PM10_timeseries.txt	363	89	2020-01-01	2023-08-31	[20.162645238950244]	19	[20.98012371022214]	18	[20.743291404612204]	24	[19.515809458060094]	15	24.428653666139912	25.190051785404897	27.68053302433372	22.512136594370094
56	NO_5_28655_PM10_timeseries.txt	1165	92	2020-01-01	2023-08-31	[11.127869582185891]	2	[13.513343888531965]	0	[13.601221194316656]	1	[13.141843722564774]	1	11.88150694435314	13.145181006545755	16.304940580848086	15.2923630059538
57	NO_5_28671_PM10_timeseries.txt	3297	1663	2020-01-01	2023-08-31	[13.37618385041302]	4	[18.357140838080866]	15	[17.261753603238965]	19	[15.249675704666805]	8	15.872291953867968	21.15434364898157	24.615940533414232	18.07750604615093
58	NO_5_28673_PM10_timeseries.txt	997	648	2020-01-01	2023-08-31	[17.62963925660378]	20	[19.673724055603273]	26	[16.190652625013225]	15	[16.889622903890746]	12	23.463146734580523	24.515757731455903	20.393455222952714	20.056288683401846
59	NO_5_28675_PM10_timeseries.txt	895	512	2020-01-01	2022-09-28	[22.876388208605608]	28	[22.20681706672687]	14	[23.377786536339237]	30	[nan]	0	26.935314335985403	24.801193868774433	29.434296541923256	
60	NO_5_28680_PM10_timeseries.txt	1527	671	2020-01-01	2023-08-31	[15.309846397329116]	11	[18.22121626308305]	8	[22.661928026692053]	35	[20.513719735876734]	22	19.62355534589464	21.979720625106008	28.858622294624155	23.90788074878669
61	NO_5_28685_PM10_timeseries.txt	952	409	2020-01-01	2023-08-28	[7.951788558826346]	0	[11.747515882447212]	3	[9.256443816331734]	2	[8.872100335238402]	0	9.58861136233272	13.779499649061849	10.557931338365563	10.691771628187338
62	NO_5_28716_PM10_timeseries.txt	639	80	2020-01-01	2023-08-31	[20.02069717969969]	22	[24.3905567216541]	28	[23.61609553478706]	28	[21.652361111111063]	14	22.78521105920427	26.72677087945585	29.76487929433612	25.258661048689138
63	NO_5_28722_PM10_timeseries.txt	17205	335	2020-01-13	2022-01-02	[2.9430799973999986]	0	[3.2561224453061217]	0	[4.668]	0	[nan]	0	2.7530416641666675	3.626999996521739	4.668	
64	NO_5_28724_PM10_timeseries.txt	3061	1004	2020-01-01	2023-08-31	[7.612530649031166]	2	[9.258393964178982]	0	[8.964784144275008]	2	[8.295959199686177]	0	7.699952937981177	10.022330579332333	10.04793388581952	9.807562326869805
65	NO_5_28732_PM10_timeseries.txt	60	25	2020-01-01	2023-08-31	[15.129279414369046]	6	[16.63894203357992]	13	[13.903516482431561]	3	[11.707304962672067]	0	16.714394903770906	21.035075207061535	15.158154345769228	13.643053528741646
66	NO_5_28733_PM10_timeseries.txt	17377	839	2020-01-08	2022-01-04	[5.190539996800003]	0	[4.097244440888888]	0	[2.689]	0	[nan]	0	5.71992307423077	4.1368999965	2.689	
67	NO_5_28744_PM10_timeseries.txt	825	240	2020-01-01	2023-08-31	[13.050546163842336]	4	[11.900574119861544]	0	[11.289838642866304]	2	[8.312427475976182]	0	15.397879207007838	13.263912830614926	13.31677698435313	8.93520415938737
68	NO_5_28754_PM10_timeseries.txt	3514	1955	2020-01-01	2023-08-31	[10.744936456479685]	1	[10.002374518862371]	0	[9.605165043932582]	0	[9.973083623693398]	0	11.06510946699338	10.649547862888118	10.920230788116866	10.58219661335842
69	NO_5_28782_PM10_timeseries.txt	303	44	2020-01-01	2023-08-31	[19.77212458067011]	12	[19.344108873052765]	9	[19.060699896396926]	15	[18.108239570711383]	6	24.340181689261733	23.01656488188295	24.6709729604807	20.371977638015373
70	NO_5_28788_PM10_timeseries.txt	1478	431	2020-01-01	2023-08-30	[19.090224623089558]	21	[20.472404091714694]	11	[23.24937750058839]	18	[20.66973521944147]	18	23.735198306726122	23.671948754197725	28.04529799764429	24.63223260388493
71	NO_5_28796_PM10_timeseries.txt	1731	250	2020-01-01	2023-08-31	[14.824075251048685]	2	[16.29625847902906]	0	[14.676350012374643]	8	[13.582459967836709]	1	16.396543209876544	17.81413399527282	18.476112836993284	15.885921304128631
72	NO_5_28799_PM10_timeseries.txt	3795	2988	2020-01-01	2023-08-31	[15.269382087345237]	12	[20.562500075972306]	9	[20.52382988935732]	21	[17.92713301475752]	5	19.06407024419842	20.39872485086795	26.994863037851903	21.30306000925926
73	NO_5_28807_PM10_timeseries.txt	17204	335	2020-01-13	2022-01-02	[4.124939996399999]	0	[4.0042799962]	0	[4.684]	0	[nan]	0	4.0148799956	3.7797599964000006	4.684	
74	NO_5_28812_PM10_timeseries.txt	3433	848	2020-01-01	2023-08-31	[12.258199138008157]	2	[12.93212394937811]	0	[13.787652339482479]	6	[13.048787383399961]	2	15.116366665443602	13.60099027489761	17.810635282976605	14.476036983374689
75	NO_5_28816_PM10_timeseries.txt	938	266	2020-01-01	2023-08-31	[17.295104526105813]	11	[15.697432209643091]	6	[15.0978372434017]	13	[15.63352961551787]	10	16.82524916590413	17.64539194805769	17.497318722312894	16.172636236609222
76	NO_5_35076_PM10_timeseries.txt	725	384	2020-01-01	2023-08-31	[14.60684611485003]	7	[14.473877008352236]	3	[17.746424017619088]	8	[14.693967597380247]	2	17.528999300030183	14.787833831293682	24.340652122918137	16.594123091161496
77	NO_5_35084_PM10_timeseries.txt	6899	1481	2020-01-01	2023-08-31	[10.94765668070724]	2	[11.884085940383894]	2	[11.627338656904254]	0	[7.619866252886242]	0	11.185808381667528	12.052047645898043	13.634635608271534	8.36643391462203
78	NO_5_35085_PM10_timeseries.txt	811	172	2020-01-01	2023-08-31	[12.192306474143239]	4	[13.772695873564857]	5	[15.332165647550658]	9	[15.007634001041009]	6	12.470883613125146	16.245810455691515	16.022999158946625	16.877267380196173
79	NO_5_35115_PM10_timeseries.txt	1775	1773	2020-01-01	2021-06-18	[14.570109855226004]	8	[27.13255008296812]	17	[nan]	0	[nan]	0	15.433310435883698	27.1325500829681		
80	NO_5_35120_PM10_timeseries.txt	2818	905	2020-01-01	2023-08-31	[14.570355002525876]	10	[12.497937293269304]	0	[13.742275950624636]	7	[13.481621110535665]	2	18.936824803914458	13.957735287074469	18.30194707191949	15.614862602040814
81	NO_5_43719_PM10_timeseries.txt	1350	647	2020-01-01	2023-08-31	[13.756633360988609]	7	[14.107084565309602]	4	[12.94077398162022]	3	[12.242270533081063]	1	15.493969107142206	15.448926500032163	17.042173427570805	13.456326800436415
82	NO_5_43723_PM10_timeseries.txt	5181	3701	2020-01-01	2023-07-12	[14.534916273220235]	17	[18.55181939847838]	12	[16.200856000525953]	15	[17.824741323734816]	8	18.644723375817083	22.229776936978542	22.326142101411413	18.343572290448794
83	NO_5_43728_PM10_timeseries.txt	2454	572	2020-01-01	2023-08-31	[15.868179678399713]	10	[17.601769536779198]	7	[17.55996796867554]	12	[24.111692289053593]	24	18.74582617749205	18.910547561465307	21.055913901205386	29.399040591387084
84	NO_5_43733_PM10_timeseries.txt	3247	675	2020-01-01	2023-08-31	[8.76789502299154]	1	[10.056674280038523]	0	[11.064655979407245]	0	[11.076675747545297]	0	10.419247556510683	10.807741968019204	13.918725995400631	11.979750583419689
85	NO_5_43744_PM10_timeseries.txt	11099	5488	2020-01-01	2023-08-23	[13.063019387207643]	1	[21.661131332175653]	12	[15.857348320580702]	6	[15.80134439757778]	6	13.063019387207754	20.707168671054216	18.79642857142857	17.835104268869447
86	NO_5_43746_PM10_timeseries.txt	96	25	2020-01-01	2023-08-31	[9.646966906725536]	1	[10.867636628666073]	2	[11.362845944970214]	1	[10.165232738924006]	0	11.295553935974322	12.654834157331026	12.659074510767988	11.475330896297322
87	NO_5_43749_PM10_timeseries.txt	153	66	2020-01-01	2023-08-31	[6.718888869032534]	0	[6.700324957463384]	0	[7.302582385562206]	0	[6.864219476802886]	0	8.352380404201238	6.804759561175657	8.485428545714285	7.581740398143449
88	NO_5_48876_PM10_timeseries.txt	2563	325	2020-01-01	2023-08-31	[10.498299132536427]	2	[13.45780611988113]	1	[16.171782952297885]	11	[11.413411944960044]	3	10.802445265083572	15.326224466043065	15.605082295614919	12.938131379601227
89	NO_5_50188_PM10_timeseries.txt	6353	6274	2020-01-01	2023-08-31	[11.70428803003998]	2	[13.079307794086949]	0	[13.009233654472446]	1	[14.404866157899358]	2		14.846371676987316	14.33639440218685	16.41043730399908
90	NO_5_56171_PM10_timeseries.txt	1312	531	2020-01-01	2023-08-31	[12.69161335853806]	12	[20.25750030313175]	19	[17.519112308232856]	17	[13.214586994727615]	5	17.010402181318273	25.918870921542535	21.503570605851188	15.745644930985245
91	NO_5_56175_PM10_timeseries.txt	331	128	2020-01-01	2022-12-29	[10.523647641932103]	10	[13.2529985885845]	11	[12.315270491816364]	10	[nan]	0	9.709649538387174	14.899164801912884	14.21823611466252	
92	NO_5_56176_PM10_timeseries.txt	3666	1995	2020-01-01	2023-07-06	[14.401665091908058]	4	[12.73716474747148]	1	[15.430830895260442]	5	[16.849521711768446]	0	15.055326606555122	14.752447565061075	15.810484848484847	16.99346570397112
93	NO_5_60846_PM10_timeseries.txt	1446	1208	2020-01-01	2023-08-31	[16.03894588312189]	21	[16.938663525552787]	15	[16.27746262740996]	20	[17.21529881231918]	13	20.971502103879004	22.13475755721723	21.326209983055815	20.846640822319408
94	NO_5_60855_PM10_timeseries.txt	131	36	2020-01-01	2023-08-31	[14.737396851808695]	6	[16.21343587065357]	3	[16.447867976240484]	10	[15.95158494608353]	0	16.706535244360797	17.364694615064966	20.49089462621111	17.99182524780825
95	NO_5_60863_PM10_timeseries.txt	88	25	2020-01-01	2023-08-31	[11.380436276401515]	1	[11.395695738169561]	0	[12.197298053022946]	0	[10.291876575740774]	0	13.060241548091305	12.26623600228143	14.050290706476014	11.601499890682499
96	NO_5_60865_PM10_timeseries.txt	1687	839	2020-01-01	2023-08-31	[21.26072087816559]	36	[21.378187540384204]	20	[14.256087843148183]	4	[21.75841786061959]	25	29.444568831908363	26.13171068380925	16.1026523798617	26.94398216184384
97	NO_5_60873_PM10_timeseries.txt	160	77	2020-01-01	2023-08-31	[8.57550650753222]	1	[9.932455389108961]	0	[9.699643809821168]	0	[8.698642426079713]	0	9.682498880277459	11.004041254970005	9.478550491891705	9.758272773810292
98	NO_5_62993_PM10_timeseries.txt	532	354	2020-01-01	2023-08-31	[11.064423007454762]	1	[10.991500683097655]	0	[10.875053936194606]	1	[11.622694233265316]	0	11.319474526027992	12.283578506868803	12.900043829296425	11.185980542754736
99	NO_5_63001_PM10_timeseries.txt	67	25	2020-01-01	2023-08-31	[12.611412035884408]	8	[15.11682705660233]	10	[14.671655169188735]	10	[14.013859266123097]	5	10.315878217844986	17.084245470635945	17.10224884837402	15.782360343798345
100	NO_5_64121_PM10_timeseries.txt	2211	1618	2020-01-01	2023-08-31	[9.284797267556902]	0	[14.584574823675197]	10	[10.900222106241415]	3	[10.555318866397942]	1	10.001546763228808	18.153420384856023	13.058246733244241	12.345974471566098
101	NO_5_65114_PM10_timeseries.txt	1716	677	2020-01-01	2023-08-31	[8.718738140329783]	11	[10.135332387754621]	7	[10.321685580527403]	4	[11.85739110091469]	6	8.367860114318756	13.85471143788609	11.778798288598848	13.838283081558862
102	NO_5_65116_PM10_timeseries.txt	856	693	2020-01-01	2023-08-31	[17.091578694243942]	17	[22.817051675454145]	20	[20.74567462138602]	27	[24.634193548387184]	27	20.161205312749768	28.32299598821894	26.42460225962647	31.110901813044503
103	NO_5_65121_PM10_timeseries.txt	1431	887	2020-01-01	2023-08-31	[22.20295913621892]	33	[23.433308060574074]	27	[23.163047153059587]	37	[22.164050078615805]	22	29.1928242747044	29.54647519678631	33.967834331025344	26.84660322419791
104	NO_5_65126_PM10_timeseries.txt	84	25	2020-01-01	2023-08-31	[8.87155194797057]	1	[9.77460962454659]	7	[10.66302519750489]	5	[9.647474259771439]	1	8.17837352409539	11.419040858096336	13.932262622682813	11.039615005909091
105	NO_5_65128_PM10_timeseries.txt	146	25	2020-01-01	2023-08-31	[12.912276069217459]	7	[14.495386821523223]	3	[15.89239647508594]	13	[15.693819266190518]	7	15.072602095061953	16.246748640677726	21.559669800717085	18.16153547827499
106	NO_5_65132_PM10_timeseries.txt	4379	2625	2020-01-01	2023-01-04	[15.36134496410337]	11	[13.173739394823702]	1	[14.327409779454836]	11	[19.31645511666666]	0	19.562678448193896	15.05856207353705	19.321645506459642	19.316455116666667
107	NO_5_69326_PM10_timeseries.txt	1041	238	2020-01-16	2023-08-31	[20.411073429592275]	22	[17.800282498787666]	21	[14.635522651731483]	12	[8.275733404974055]	3	31.15998802327642	24.184614782153563	19.63456948605814	9.215600868791128
108	NO_5_69418_PM10_timeseries.txt	765	509	2020-02-01	2023-08-30	[11.268395458412716]	5	[14.765348635998407]	2	[14.1656228492774]	8	[15.114719999999993]	4	12.801550384033776	14.947336251222326	18.099261652053528	17.67462615713269
109	NO_5_69422_PM10_timeseries.txt	365	138	2020-02-01	2023-08-31	[15.581273498649875]	15	[19.52276852038716]	14	[22.581242818618755]	31	[21.857012247714355]	19	20.032844895606853	20.889627903502326	32.79513135695348	26.497761366258946
110	NO_5_70757_PM10_timeseries.txt	3208	2485	2020-10-13	2023-08-31	[6.1313181020074765]	0	[9.244329529101288]	1	[9.499975186079201]	3	[6.237080019205398]	0		10.436854825283152	10.78026209808947	6.074920846517119
111	NO_5_71584_PM10_timeseries.txt	555	289	2021-02-18	2023-08-31	[nan]	0	[13.473151993381817]	0	[13.872033877381309]	1	[12.518446155999984]	0		11.840215310393948	16.131176932206866	13.912543560837939
112	NO_5_73250_PM10_timeseries.txt	412	312	2021-06-09	2023-08-31	[nan]	0	[9.769442647125462]	0	[9.044782874059393]	1	[8.141587512607106]	0		11.85308399187867	10.903668286884642	9.087957426794842
113	NO_5_73254_PM10_timeseries.txt	3218	2482	2021-07-01	2023-08-31	[nan]	0	[15.359017275180769]	2	[21.982087401952942]	27	[19.574545454545525]	14			24.733740211883926	24.02443011743035
114	NO_5_76728_PM10_timeseries.txt	2864	2160	2021-01-01	2023-08-31	[nan]	0	[16.12831193454915]	12	[16.654210819592677]	7	[16.547677096431403]	7		19.200091624136004	21.297821325961273	18.300507241428903
115	NO_5_76730_PM10_timeseries.txt	1757	744	2021-01-01	2023-08-03	[nan]	0	[13.267359484374841]	1	[12.277762645070842]	1	[14.014076408916173]	1		12.940863075326574	12.239060837242858	15.671531220258306
116	NO_5_76952_PM10_timeseries.txt	4047	2880	2021-04-02	2023-08-31	[nan]	0	[12.266784389312141]	0	[11.537356423396409]	1	[16.26641290556458]	2		11.713002911988337	12.543874058863791	19.357830739299608
117	NO_5_76957_PM10_timeseries.txt	2745	2160	2021-01-25	2023-08-31	[nan]	0	[11.8611483099602]	2	[9.171450498848792]	2	[10.986691176470591]	1		13.096217683515647	8.824434180138569	13.431904161412358
118	SE_5_30862_PM10_timeseries.txt	445	204	2020-01-07	2023-08-31	[6.305786467852978]	0	[6.58190351534494]	0	[5.578711008138813]	0	[6.407340095038202]	0	5.287449098629939	6.4013256159778855	5.758023071019508	5.981244405830917
119	SE_5_30886_PM10_timeseries.txt	940	101	2020-01-01	2023-08-31	[15.292961816448441]	1	[15.408524089466878]	0	[16.491863967992415]	4	[13.175405355150598]	0	15.356671267433242	16.585974632503525	18.807787985865723	14.929977656405164
120	SE_5_30902_PM10_timeseries.txt	657	40	2020-01-01	2023-08-31	[9.983719311256216]	2	[9.569430480654134]	0	[9.252246899407506]	0	[11.383542874044496]	2	10.434337346167748	10.632813944130694	10.896865161570227	12.337628799969512
121	SE_5_30936_PM10_timeseries.txt	16720	1079	2020-01-08	2021-12-31	[17.65286194969698]	0	[19.491944440722225]	0	[nan]	0	[nan]	0	17.055555552592594	20.872471906348313		
122	SE_5_30950_PM10_timeseries.txt	804	145	2020-01-01	2023-08-31	[24.19877192639109]	13	[23.236195282453966]	18	[26.3120451110337]	42	[25.10292491528444]	20	26.54875804617525	27.862499929723374	35.161938202247185	28.925533445216978
123	SE_5_30965_PM10_timeseries.txt	11900	167	2020-01-02	2021-05-31	[17.94604519644064]	0	[16.26184732374046]	0	[nan]	0	[nan]	0	24.588135592203386	16.26184732374046		
124	SE_5_30985_PM10_timeseries.txt	213	47	2020-01-01	2023-08-31	[13.173981974307962]	7	[11.479461533096902]	3	[13.927000292377807]	16	[15.837872278283848]	8	15.942289125366583	14.279646148545623	17.04607108960725	18.552756814673113
125	SE_5_30996_PM10_timeseries.txt	2739	2311	2020-01-01	2023-08-31	[22.049978583196413]	13	[19.893269787737957]	10	[19.749963929296122]	14	[25.365632904077387]	19	26.065283537183035	23.569883766071428	24.9359967524296	29.200530338484853
126	SE_5_31002_PM10_timeseries.txt	856	218	2020-01-01	2023-08-31	[13.176843112494597]	7	[13.249603020123741]	7	[14.70288980263157]	13	[19.00605429784227]	9	16.583765149698127	16.13533796251563	17.583086255259467	20.98212404761905
127	SE_5_31023_PM10_timeseries.txt	962	239	2020-01-01	2023-08-31	[10.910246654061666]	1	[11.809423625473652]	0	[11.413642336638368]	0	[9.288069216757751]	0	11.58614067230449	11.661457866052324	13.32168944099379	8.882937796652511
128	SE_5_31026_PM10_timeseries.txt	182	37	2020-01-01	2023-08-31	[15.41565068146686]	5	[16.556249503556558]	15	[19.521553113074578]	28	[24.37102588201246]	29	18.149919629141216	22.305340814149773	27.90500044580158	28.847523008005528
129	SE_5_31069_PM10_timeseries.txt	4060	1604	2020-01-01	2023-08-31	[17.430453867695746]	3	[17.319416607758455]	0	[21.408156855201465]	0	[12.181244214809668]	0	19.30708263925534	15.769224402296384	26.58262013190104	12.985636319883612
130	SE_5_31082_PM10_timeseries.txt	6920	2149	2020-01-01	2023-08-31	[12.211607505958986]	1	[9.393100382784606]	0	[13.669178212364425]	0	[13.650525335510974]	0	12.780682550950301	7.704679992699801	15.410207061954576	14.951834768595297
131	SE_5_31088_PM10_timeseries.txt	1041	200	2020-01-01	2023-08-31	[13.920506282668294]	1	[13.698788712657556]	1	[11.193629402572343]	0	[9.937271554041958]	0	13.389666507896456	14.176062088043883	12.399284205585543	10.866069434328722
132	SE_5_31104_PM10_timeseries.txt	617	40	2020-01-01	2023-08-31	[16.213693376386686]	8	[16.630675466011407]	15	[21.10527281047691]	37	[20.232587600377713]	16	19.93279418309658	21.18140149530211	27.89299389035453	23.217138231679904
133	SE_5_31107_PM10_timeseries.txt	11899	359	2020-01-02	2021-05-31	[20.548979586988313]	0	[37.29442640458334]	0	[nan]	0	[nan]	0	25.970761390397726	37.294426404583334		
134	SE_5_31111_PM10_timeseries.txt	596	138	2020-01-01	2023-08-31	[18.884816294542162]	28	[16.395239722600632]	13	[16.231052038059428]	15	[21.801173449440252]	17	26.64106574679267	20.590055245117405	21.566435046728973	24.98241121495327
135	SE_5_31124_PM10_timeseries.txt	2145	994	2020-01-01	2022-08-29	[2.96142632582441]	0	[3.4106676521310626]	0	[3.438202662721897]	0	[nan]	0	1.8582448837563001	3.0460973137354284	3.372268907563025	
136	SE_5_31143_PM10_timeseries.txt	30798	671	2020-01-02	2023-08-30	[21.893905813795]	0	[18.257851236143253]	0	[16.942638036809804]	0	[20.618257261410786]	0	25.894444440722225	21.101666663666666	19.94109589041096	22.91333333333333
137	SE_5_31201_PM10_timeseries.txt	430	42	2020-01-01	2023-08-31	[17.090117888464025]	3	[16.06841235926463]	12	[16.54358182717957]	17	[18.454137828194245]	10	19.42706888239482	18.75319097109273	21.717709761140267	20.765359207148816
138	SE_5_31212_PM10_timeseries.txt	734	207	2020-01-01	2021-11-22	[18.280623669890836]	9	[16.907097048592913]	15	[nan]	0	[nan]	0	20.617038705107237	21.476508184245915		
139	SE_5_33462_PM10_timeseries.txt	305	37	2020-01-01	2023-08-31	[15.649353173492718]	10	[14.751630172911518]	9	[27.526656473777834]	31	[19.504480257980422]	15	18.982265101114177	18.307477498367824	24.24533619813748	22.58003559813207
140	SE_5_53158_PM10_timeseries.txt	376	13	2020-01-01	2021-01-11	[18.144821102228835]	10	[6.664564000000002]	0	[nan]	0	[nan]	0	19.16682857926972	6.6645639999999995		
141	SE_5_53163_PM10_timeseries.txt	30680	671	2020-01-02	2023-08-20	[10.039017337976887]	0	[10.903488368633711]	0	[10.831095406360431]	0	[13.151020408163264]	0	10.468181814829546	11.899999996352943	13.615267175572518	13.955555555555554
142	SE_5_53201_PM10_timeseries.txt	30977	1031	2020-01-02	2023-08-23	[17.108707861797757]	0	[16.385872573157897]	0	[15.61986301369863]	0	[14.50123456790123]	0	18.057471261034483	17.579888265027932	17.54512195121951	16.16393442622951
143	SE_5_53230_PM10_timeseries.txt	16817	383	2020-01-02	2021-12-31	[8.882022471910112]	0	[26.227011494252874]	0	[nan]	0	[nan]	0	10.596264367816092	41.06944444444444		
144	SE_5_56159_PM10_timeseries.txt	30843	671	2020-01-02	2023-08-30	[22.289212824314877]	0	[18.94700598467066]	0	[16.41219512195123]	0	[19.00912863070539]	0	21.108484844545455	20.68553458779874	18.256081081081078	20.438333333333333
145	SE_5_56166_PM10_timeseries.txt	1166	1042	2020-01-01	2022-02-18	[9.910944816508373]	2	[13.147841451472315]	6	[13.27232971274684]	1	[nan]	0	11.316735819170125	14.808265679089024	13.272329712746858	
146	SE_5_56167_PM10_timeseries.txt	398	116	2020-01-01	2023-08-31	[14.103254675058484]	6	[13.984498928570781]	4	[14.583705457194617]	12	[18.040170732068194]	11	16.770109936871275	17.0055467108423	19.163397334412448	20.140143926314813
147	SE_5_56190_PM10_timeseries.txt	3754	244	2020-01-01	2023-08-31	[13.433249195298906]	2	[13.357504833446374]	0	[9.733455056179771]	0	[7.909761500953996]	0	12.89891456851825	14.0544484285754	9.084972413793103	8.698661913901837
148	SE_5_58078_PM10_timeseries.txt	489	60	2020-01-01	2022-07-06	[14.930847847883614]	12	[13.023711382153635]	12	[46.52017165337279]	30	[nan]	0	19.976935630841886	16.423669737665563	26.53076771723589	
149	SE_5_58082_PM10_timeseries.txt	403	204	2020-01-01	2023-08-31	[15.596956468297682]	14	[14.154982610133692]	8	[12.96431369806737]	13	[11.699887151674382]	1	19.705639707527382	18.295121841112135	18.362556881149292	13.642182110147342
150	SE_5_58130_PM10_timeseries.txt	459	61	2020-01-01	2023-08-31	[25.299695896164273]	36	[15.197916958915354]	12	[16.25169453904869]	19	[21.175095575221214]	12	39.006545679901535	20.040851575074903	23.241765201122544	24.642718749999997
151	SE_5_61462_PM10_timeseries.txt	17354	119	2020-01-02	2022-01-23	[19.56011560355492]	0	[18.689325710657133]	0	[14.26086956521739]	0	[nan]	0	23.40738636005682	23.277653405397725	14.26086956521739	
152	SE_5_61484_PM10_timeseries.txt	30799	671	2020-01-02	2023-08-30	[15.809972295734065]	0	[18.654696129226522]	0	[16.202446483180406]	0	[20.04500000000002]	0	18.497765359944133	22.96666666311111	21.740540540540543	23.309444444444445
153	SE_5_61623_PM10_timeseries.txt	16109	2184	2020-03-02	2022-01-03	[9.499999997777778]	0	[9.959999999]	0	[6.79999999]	0	[nan]	0	9.74	10.82	6.79999999	
154	SE_5_61705_PM10_timeseries.txt	787	204	2020-01-01	2023-08-31	[12.975635735433949]	6	[13.378110856800651]	4	[11.934779715575692]	5	[15.112993895295821]	10	14.45757435669126	15.926769478812883	13.708096508350563	17.183442675350022
155	SE_5_62231_PM10_timeseries.txt	2217	2047	2020-01-01	2023-08-31	[15.106615048290912]	6	[17.681552779940716]	18	[17.746743880042796]	24	[16.642162482214008]	9	17.679116094392032	24.099529940280917	23.19873500118588	19.656870246279926
156	SE_5_62469_PM10_timeseries.txt	1583	1156	2020-01-01	2021-12-31	[6.648478598868289]	0	[6.583800902949039]	0	[nan]	0	[nan]	0	6.595466326292098	6.226039558761904		
157	SE_5_62474_PM10_timeseries.txt	381	94	2020-01-01	2023-08-31	[13.491010310684276]	8	[14.108996376795877]	9	[15.100761910413473]	22	[15.426839302434189]	7	16.144621318444283	18.57062741076693	23.641349016957026	17.858132395131282
158	SE_5_62476_PM10_timeseries.txt	540	37	2020-01-01	2023-08-31	[15.062669575855308]	2	[14.939148807872357]	10	[15.251883524078261]	18	[16.445814248977555]	7	17.16839806609745	19.20455566509501	20.969949820313083	18.597010331709757
159	SE_5_62479_PM10_timeseries.txt	689	362	2020-01-01	2023-08-31	[7.656883050982556]	1	[7.764924573608408]	0	[7.061075093818754]	0	[7.559295032311807]	0	7.838126857293337	8.33991228374712	8.11872107354307	8.07402420554558
160	SE_5_64030_PM10_timeseries.txt	15997	5879	2020-02-25	2021-12-23	[6.599999995]	0	[11.116666663333334]	0	[nan]	0	[nan]	0	4.5	13.333333333333334		
161	SE_5_64033_PM10_timeseries.txt	14612	6742	2020-02-25	2021-10-26	[12.066666663333335]	0	[7.9]	0	[nan]	0	[nan]	0	12.099999995000001			
162	SE_5_64046_PM10_timeseries.txt	16126	6600	2020-02-05	2021-12-08	[9.366666663333334]	0	[18.0]	0	[nan]	0	[nan]	0	12.0	18.0		
163	SE_5_64094_PM10_timeseries.txt	25996	9167	2020-01-02	2023-01-18	[22.129577462957705]	0	[18.438611108944418]	0	[nan]	0	[14.2555]	0	33.38070175321638	26.217415728820228		14.2555
164	SE_5_64458_PM10_timeseries.txt	3800	1524	2020-01-01	2023-04-04	[10.341809556387853]	1	[9.13648299350188]	0	[9.562094353005442]	0	[8.79672808425563]	0	9.439372038069203	8.665190254948834	9.572597343205425	8.79672808425562
165	SE_5_65053_PM10_timeseries.txt	1939	799	2020-01-01	2023-08-31	[15.918582213951316]	24	[16.2245643747703]	16	[13.5427130120153]	12	[16.598811911158865]	8	22.0763297224315	21.79306570671217	17.480390789473685	19.485090372093026
166	SE_5_66297_PM10_timeseries.txt	11248	10567	2020-01-01	2023-08-31	[13.66884599594401]	1	[9.189184284377925]	0	[8.634995836350454]	0	[9.68657586083212]	0	12.660136276535289	9.189184284377923	9.288963414634146	10.988648023143682
167	SE_5_68564_PM10_timeseries.txt	1882	696	2020-01-01	2023-08-31	[11.60588636798235]	3	[11.060760845498566]	2	[11.313675350239983]	10	[12.302992334779638]	4	13.552392943801237	13.560763682422776	16.226822795109452	15.038673633417266
168	SE_5_69225_PM10_timeseries.txt	2069	756	2020-01-29	2023-08-31	[11.046478343906037]	3	[12.466756212782714]	3	[14.399005305039786]	14	[12.929761904761925]	1	12.128370162320442	15.785996433928654	18.645391881541997	14.981426078284716
169	SE_5_69333_PM10_timeseries.txt	346	41	2020-01-01	2021-06-04	[14.994352865819858]	5	[12.113611490329939]	3	[nan]	0	[nan]	0	15.466571449134097	12.11361149032992		
170	SE_5_69403_PM10_timeseries.txt	3614	1844	2020-02-20	2023-08-31	[13.398209774136955]	1	[13.947953848183865]	1	[12.879363612147035]	0	[13.209432025725132]	0	12.331516896801318	15.434176683927667	14.935646807210508	14.645326915218902
171	SE_5_69406_PM10_timeseries.txt	1217	378	2020-01-16	2023-08-31	[30.957734539639485]	56	[31.634710237888044]	42	[17.577586643055955]	17	[26.56958085986693]	18	53.76173738052222	51.87559028341204	24.01357639721756	32.70695694478229
172	SE_5_69415_PM10_timeseries.txt	1288	211	2020-02-01	2023-08-31	[13.18872425563527]	3	[13.865983731957384]	3	[16.82997640630817]	9	[13.540914056809896]	0	13.47958554674601	15.050489530505075	22.514334115194163	15.5191650390625
173	SE_5_69430_PM10_timeseries.txt	1993	690	2020-01-01	2023-08-31	[6.412515568979381]	2	[6.299372589966769]	0	[5.803041227692947]	0	[6.364780804618038]	0	5.377774724050253	5.867360640212767	5.78645080121444	6.115588389754618
174	SE_5_69533_PM10_timeseries.txt	286	11	2020-01-07	2021-01-11	[15.178051704443922]	4	[5.689483999999999]	0	[nan]	0	[nan]	0	16.33421430968585	5.689484		
175	SE_5_70976_PM10_timeseries.txt	4061	946	2020-12-03	2023-08-31	[7.124958705868609]	0	[25.129123921871418]	42	[27.450790555261147]	22	[27.708371206705383]	16		37.49609377161649	42.264671613459036	35.68187627256186
176	SE_5_71509_PM10_timeseries.txt	2750	1658	2021-01-01	2023-08-31	[nan]	0	[9.613508515083911]	0	[8.801460095730151]	1	[7.860547283756636]	0		10.814348205206079	10.015288509447569	8.951115085014546
177	SE_5_71510_PM10_timeseries.txt	318	204	2021-01-01	2023-08-31	[nan]	0	[15.13732889976591]	10	[13.887294367241918]	11	[16.4666147785623]	13		18.90596442743028	20.22159990614259	19.581126855216443
178	SE_5_71556_PM10_timeseries.txt	3616	889	2020-04-23	2023-08-31	[16.8951287861329]	2	[17.64397838655366]	7	[17.76653387760372]	0	[13.569012208684036]	0	17.78203733288858	20.090444371903956	25.679247363620686	15.380580627716089
179	SE_5_71561_PM10_timeseries.txt	367	204	2021-01-01	2023-08-31	[nan]	0	[14.315036255220983]	8	[16.394708789682568]	21	[15.648272182207267]	4		18.23082568392125	23.16678291289529	18.251965302004827
180	SE_5_71562_PM10_timeseries.txt	1046	246	2021-01-01	2023-08-31	[nan]	0	[19.51906536084974]	21	[25.381069327192012]	42	[29.553293049159553]	40		28.02734214366675	39.53763146789302	36.91881801356207
181	SE_5_71563_PM10_timeseries.txt	937	204	2021-02-05	2023-08-31	[nan]	0	[16.63093888813437]	9	[18.69776919432575]	29	[16.785511284943095]	13		22.65250917858657	28.052219052347105	19.71477275391967
182	SE_5_71603_PM10_timeseries.txt	5	2	2021-02-01	2022-01-05	[nan]	0	[8.74043190240178]	1	[2.9957070796460172]	0	[nan]	0		11.454983311148498	2.9957070796460177	
183	SE_5_71604_PM10_timeseries.txt	642	363	2021-01-26	2023-08-31	[nan]	0	[13.379497463610846]	17	[15.14282919672339]	16	[16.516017316017336]	18		20.434534124079335	20.88495735332127	19.25479132664957
184	SE_5_71608_PM10_timeseries.txt	8209	5375	2020-07-03	2021-06-14	[9.509523807619049]	0	[12.778038461538461]	0	[nan]	0	[nan]	0		12.778038461538461		
185	SE_5_71637_PM10_timeseries.txt	763	204	2021-03-25	2023-08-31	[nan]	0	[9.873999943048295]	1	[10.318357305174871]	4	[9.73741007862354]	1		12.77234197594606	13.794967508072261	10.741881815101133
186	SE_5_74802_PM10_timeseries.txt	343	204	2022-07-05	2023-08-31	[nan]	0	[nan]	0	[9.13165219454652]	0	[21.68605432936027]	22				26.12805849479492
187	SE_5_74806_PM10_timeseries.txt	375	204	2022-01-11	2023-08-31	[nan]	0	[nan]	0	[22.131289648828197]	42	[19.685105725017713]	18			35.43759947431397	23.573347279410488
188	SE_5_74948_PM10_timeseries.txt	10806	743	2022-01-23	2023-05-04	[nan]	0	[nan]	0	[17.360992907801407]	0	[26.188429752066124]	0			20.801639344262295	26.188429752066117
189	SE_5_74963_PM10_timeseries.txt	4334	799	2022-03-09	2023-08-31	[nan]	0	[nan]	0	[14.86806856561331]	1	[21.27284578570045]	7			17.77025857843137	25.29322658061117
190	SE_5_76714_PM10_timeseries.txt	11131	239	2022-05-04	2023-08-28	[nan]	0	[nan]	0	[10.634741784037555]	0	[16.31066666666667]	0			12.373584905660376	18.162427745664743
191	SE_5_76715_PM10_timeseries.txt	11145	359	2022-05-04	2023-08-28	[nan]	0	[nan]	0	[11.61455399061033]	0	[17.52322274881516]	0			12.667924528301889	19.694082840236685
192	SE_5_77127_PM10_timeseries.txt	8591	5134	2021-01-01	2023-08-31	[nan]	0	[3.5154504712205292]	0	[3.046538807311959]	0	[4.712334352701322]	0		3.033291773388031		4.422201834862385
